-----Evolutionary System Temporary Data-----
gen <generation>
robot<robotNumber>: <actualFitness> <averageFitness> <sensorActivation> <linearVelocity> <rotationTime> <angularVelocity> <sensorAngle>

-----Data-----
gen 1
robot1: 836.000000 836.000000 2.300000 0.760000 60.000000 0.500000 20.000000
robot2: 517.000000 517.000000 3.200000 0.470000 47.000000 3.400000 23.000000
robot3: 781.000000 781.000000 3.300000 0.710000 69.000000 0.000000 49.000000
robot4: 814.000000 814.000000 2.800000 0.740000 37.000000 4.700000 34.000000
robot5: 1056.000000 1056.000000 0.400000 0.960000 34.000000 0.500000 36.000000
robot6: 561.000000 561.000000 2.000000 0.510000 63.000000 4.500000 89.000000
gen 2
robot1: 836.000000 836.000000 2.300000 0.760000 60.000000 0.500000 20.000000
robot2: 660.000000 588.000000 2.100000 0.605000 42.000000 4.050000 28.250000
robot3: 792.000000 786.000000 3.050000 0.725000 53.000000 2.350000 41.500000
robot4: 814.000000 814.000000 2.800000 0.740000 48.500000 4.700000 34.000000
robot5: 1056.000000 1056.000000 0.400000 0.960000 34.000000 0.500000 36.000000
robot6: 682.000000 621.000000 2.400000 0.625000 55.750000 4.600000 61.500000
gen 3
robot1: 836.000000 836.000000 2.300000 0.760000 60.000000 0.500000 20.000000
robot2: 748.000000 641.000000 2.200000 0.682500 51.000000 2.275000 50.562500
robot3: 814.000000 795.000000 2.675000 0.742500 56.500000 1.425000 47.375000
robot4: 825.000000 817.000000 2.550000 0.750000 54.250000 2.600000 27.000000
robot5: 1056.000000 1056.000000 0.400000 0.960000 34.000000 0.500000 36.000000
robot6: 759.000000 667.000000 2.350000 0.692500 57.875000 2.550000 51.375000
gen 4
	robot1: 935.000000 363.000000 1.925000 0.860000 47.000000 0.500000 28.000000
	robot2: 902.000000 343.000000 1.300000 0.821250 42.500000 1.387500 43.281250
	robot3: 935.000000 361.000000 1.537500 0.851250 45.250000 1.181250 41.687500
	robot4: 935.000000 363.000000 1.475000 0.855000 44.125000 1.550000 51.250000
	robot5: 1045.000000 426.000000 0.400000 0.960000 34.000000 0.500000 36.000000
	robot6: 902.000000 344.000000 1.375000 0.826250 45.937500 1.525000 43.687500
gen 5
	robot1: 957.000000 482.000000 1.700000 0.873750 45.562500 1.025000 39.625000
	robot2: 913.000000 457.000000 1.387500 0.838125 58.156250 1.468750 47.265625
	robot3: 935.000000 476.000000 1.506250 0.853125 44.687500 1.365625 46.468750
	robot4: 935.000000 478.000000 1.475000 0.855000 44.125000 1.550000 51.250000
	robot5: 1045.000000 550.000000 0.400000 0.960000 34.000000 0.500000 36.000000
	robot6: 924.000000 460.000000 1.425000 0.840625 45.031250 1.537500 47.468750
